0	0
0.5	93.4311
1	105.323
1.5	113.689
2	120.553
2.5	126.547
3	131.946
3.5	136.89
4	141.463
4.5	145.713
5	149.679
5.5	153.387
6	156.858
6.5	160.113
7	163.166
7.5	166.034
8	168.731
8.5	171.27
9	173.662
9.5	175.921
10	178.059
10.5	180.084
11	182.007
11.5	183.836
12	185.579
12.5	187.243
13	188.842
13.5	190.376
14	191.846
14.5	193.272
15	194.638
15.5	195.968
16	197.251
16.5	198.493
17	199.705
17.5	200.878
18	202.014
18.5	203.121
19	204.201
19.5	205.251
20	206.273
20.5	207.266
21	208.231
21.5	209.17
22	210.082
22.5	210.97
23	211.832
23.5	212.669
24	213.481
24.5	214.27
25	215.035
25.5	215.777
26	216.501
26.5	217.201
27	217.878
27.5	218.532
28	219.165
28.5	219.784
29	220.38
29.5	220.954
30	221.51
30.5	222.053
31	222.573
31.5	223.076
32	223.565
32.5	224.036
33	224.49
33.5	224.931
34	225.355
34.5	225.763
35	226.162
35.5	226.542
36	226.911
36.5	227.266
37	227.609
37.5	227.942
38	228.259
38.5	228.568
39	228.863
39.5	229.149
40	229.423
40.5	229.687
41	229.942
41.5	230.187
42	230.423
42.5	230.649
43	230.866
43.5	231.075
44	231.275
44.5	231.467
45	231.651
45.5	231.827
46	231.995
46.5	232.157
47	232.31
47.5	232.46
48	232.598
48.5	232.734
49	232.86
49.5	232.983
50	233.097
50.5	233.204
51	233.309
51.5	233.405
52	233.499
52.5	233.584
53	233.666
53.5	233.742
54	233.811
54.5	233.88
55	233.94
55.5	233.998
56	234.05
56.5	234.096
57	234.142
57.5	234.181
58	234.214
58.5	234.248
59	234.274
59.5	234.298
60	234.318
60.5	234.332
61	234.346
61.5	234.356
62	234.359
62.5	234.364
63	234.363
63.5	234.355
64	234.352
64.5	234.341
65	234.325
65.5	234.313
66	234.294
66.5	234.269
67	234.249
67.5	234.222
68	234.19
68.5	234.161
69	234.128
69.5	234.089
70	234.052
70.5	234.013
71	233.968
71.5	233.922
72	233.878
72.5	233.829
73	233.775
73.5	233.725
74	233.671
74.5	233.612
75	233.554
75.5	233.497
76	233.435
76.5	233.369
77	233.308
77.5	233.242
78	233.173
78.5	233.103
79	233.036
79.5	232.964
80	232.888
80.5	232.816
81	232.743
81.5	232.666
82	232.586
82.5	232.51
83	232.431
83.5	232.349
84	232.266
84.5	232.186
85	232.104
85.5	232.017
86	231.931
86.5	231.848
87	231.762
87.5	231.673
88	231.583
88.5	231.497
89	231.409
89.5	231.317
90	231.224
90.5	231.135
91	231.045
91.5	230.952
92	230.856
92.5	230.765
93	230.673
93.5	230.579
94	230.481
94.5	230.387
95	230.295
95.5	230.2
96	230.102
96.5	230.004
97	229.91
97.5	229.816
98	229.718
98.5	229.618
99	229.521
99.5	229.427
100	229.331
100.5	229.231
101	229.131
101.5	229.035
102	228.94
102.5	228.842
103	228.741
103.5	228.641
104	228.547
104.5	228.451
105	228.353
105.5	228.251
106	228.152
106.5	228.058
107	227.963
107.5	227.864
108	227.763
108.5	227.665
109	227.571
109.5	227.476
110	227.379
110.5	227.278
111	227.18
111.5	227.088
112	226.994
112.5	226.897
113	226.798
113.5	226.7
114	226.608
114.5	226.516
115	226.421
115.5	226.324
116	226.227
116.5	226.134
117	226.044
117.5	225.951
118	225.857
118.5	225.761
119	225.667
119.5	225.578
120	225.488
120.5	225.397
121	225.303
121.5	225.209
122	225.12
122.5	225.032
123	224.944
123.5	224.853
124	224.761
124.5	224.669
125	224.584
125.5	224.499
126	224.412
126.5	224.323
127	224.233
127.5	224.144
128	224.061
128.5	223.978
129	223.893
129.5	223.807
130	223.719
130.5	223.633
131	223.552
131.5	223.472
132	223.389
132.5	223.305
133	223.22
133.5	223.135
134	223.057
134.5	222.979
135	222.9
135.5	222.819
136	222.736
136.5	222.654
137	222.577
137.5	222.502
138	222.425
138.5	222.347
139	222.268
139.5	222.188
140	222.112
140.5	222.039
141	221.966
141.5	221.891
142	221.815
142.5	221.738
143	221.661
143.5	221.591
144	221.52
144.5	221.45
145	221.377
145.5	221.304
146	221.229
146.5	221.157
147	221.09
147.5	221.022
148	220.954
148.5	220.884
149	220.813
149.5	220.742
150	220.674
150.5	220.609
151	220.544
151.5	220.479
152	220.412
152.5	220.343
153	220.275
153.5	220.21
154	220.148
154.5	220.086
155	220.024
155.5	219.96
156	219.894
156.5	219.829
157	219.765
157.5	219.706
158	219.647
158.5	219.588
159	219.527
159.5	219.465
160	219.402
160.5	219.34
161	219.283
161.5	219.227
162	219.17
162.5	219.113
163	219.054
163.5	218.994
164	218.935
164.5	218.878
165	218.824
165.5	218.771
166	218.717
166.5	218.662
167	218.605
167.5	218.548
168	218.492
168.5	218.439
169	218.388
169.5	218.337
170	218.286
170.5	218.233
171	218.179
171.5	218.125
172	218.071
172.5	218.022
173	217.973
173.5	217.925
174	217.876
174.5	217.826
175	217.775
175.5	217.723
176	217.672
176.5	217.626
177	217.579
177.5	217.534
178	217.487
178.5	217.44
179	217.391
179.5	217.342
180	217.294
180.5	217.248
181	217.204
181.5	217.161
182	217.117
182.5	217.073
183	217.027
183.5	216.98
184	216.934
184.5	216.889
185	216.848
185.5	216.806
186	216.765
186.5	216.723
187	216.681
187.5	216.637
188	216.593
188.5	216.549
189	216.508
189.5	216.469
190	216.43
190.5	216.391
191	216.351
191.5	216.31
192	216.268
192.5	216.227
193	216.185
193.5	216.147
194	216.11
194.5	216.073
195	216.036
195.5	215.998
196	215.959
196.5	215.92
197	215.88
197.5	215.841
198	215.805
198.5	215.769
199	215.734
199.5	215.699
200	215.664
200.5	215.627
201	215.59
201.5	215.552
202	215.515
202.5	215.48
203	215.446
203.5	215.413
204	215.38
204.5	215.346
205	215.312
205.5	215.276
206	215.241
206.5	215.205
207	215.17
207.5	215.138
208	215.106
208.5	215.075
209	215.044
209.5	215.011
210	214.978
210.5	214.945
211	214.911
211.5	214.877
212	214.845
212.5	214.815
213	214.785
213.5	214.755
214	214.725
214.5	214.694
215	214.663
215.5	214.631
216	214.598
216.5	214.566
217	214.536
217.5	214.507
218	214.479
218.5	214.451
219	214.422
219.5	214.393
220	214.363
220.5	214.332
221	214.302
221.5	214.271
222	214.242
222.5	214.214
223	214.187
223.5	214.16
224	214.133
224.5	214.105
225	214.077
225.5	214.048
226	214.019
226.5	213.99
227	213.961
227.5	213.935
228	213.908
228.5	213.883
229	213.857
229.5	213.831
230	213.804
230.5	213.777
231	213.749
231.5	213.721
232	213.693
232.5	213.667
233	213.642
233.5	213.616
234	213.592
234.5	213.567
235	213.542
235.5	213.516
236	213.49
236.5	213.463
237	213.437
237.5	213.41
238	213.385
238.5	213.361
239	213.337
239.5	213.313
240	213.29
240.5	213.266
241	213.241
241.5	213.216
242	213.19
242.5	213.164
243	213.139
243.5	213.115
244	213.091
244.5	213.068
245	213.046
245.5	213.023
246	213
246.5	212.976
247	212.952
247.5	212.928
248	212.903
248.5	212.878
249	212.854
249.5	212.832
250	212.809
250.5	212.787
251	212.766
251.5	212.744
252	212.721
252.5	212.698
253	212.675
253.5	212.651
254	212.627
254.5	212.603
255	212.581
255.5	212.559
256	212.538
256.5	212.517
257	212.496
257.5	212.474
258	212.452
258.5	212.43
259	212.407
259.5	212.384
260	212.361
260.5	212.338
261	212.317
261.5	212.296
262	212.275
262.5	212.254
263	212.234
263.5	212.213
264	212.192
264.5	212.17
265	212.148
265.5	212.126
266	212.104
266.5	212.081
267	212.06
267.5	212.04
268	212.019
268.5	211.999
269	211.979
269.5	211.959
270	211.939
270.5	211.918
271	211.897
271.5	211.875
272	211.854
272.5	211.832
273	211.81
273.5	211.791
274	211.77
274.5	211.75
275	211.731
275.5	211.712
276	211.692
276.5	211.672
277	211.652
277.5	211.631
278	211.61
278.5	211.589
279	211.567
279.5	211.547
280	211.527
280.5	211.508
281	211.488
281.5	211.47
282	211.451
282.5	211.431
283	211.412
283.5	211.392
284	211.371
284.5	211.35
285	211.33
285.5	211.309
286	211.289
286.5	211.27
287	211.25
287.5	211.231
288	211.213
288.5	211.195
289	211.176
289.5	211.156
290	211.137
290.5	211.117
291	211.097
291.5	211.077
292	211.056
292.5	211.036
293	211.017
293.5	210.998
294	210.979
294.5	210.961
295	210.943
295.5	210.924
296	210.906
296.5	210.887
297	210.867
297.5	210.847
298	210.827
298.5	210.808
299	210.788
299.5	210.768
300	210.75
300.5	210.731
301	210.712
301.5	210.694
302	210.676
302.5	210.658
303	210.64
303.5	210.621
304	210.602
304.5	210.582
305	210.563
305.5	210.543
306	210.523
306.5	210.504
307	210.486
307.5	210.467
308	210.449
308.5	210.431
309	210.413
309.5	210.395
310	210.377
310.5	210.359
311	210.34
311.5	210.321
312	210.301
312.5	210.282
313	210.263
313.5	210.243
314	210.225
314.5	210.207
315	210.188
315.5	210.17
316	210.153
316.5	210.135
317	210.117
317.5	210.099
318	210.081
318.5	210.062
319	210.043
319.5	210.024
320	210.005
320.5	209.985
321	209.967
321.5	209.948
322	209.93
322.5	209.912
323	209.894
323.5	209.877
324	209.86
324.5	209.842
325	209.824
325.5	209.805
326	209.787
326.5	209.768
327	209.749
327.5	209.73
328	209.711
328.5	209.692
329	209.674
329.5	209.656
330	209.637
330.5	209.62
331	209.603
331.5	209.586
332	209.568
332.5	209.55
333	209.532
333.5	209.513
334	209.495
334.5	209.476
335	209.457
335.5	209.438
336	209.419
336.5	209.401
337	209.383
337.5	209.365
338	209.347
338.5	209.33
339	209.313
339.5	209.295
340	209.278
340.5	209.26
341	209.241
341.5	209.223
342	209.204
342.5	209.185
343	209.167
343.5	209.148
344	209.129
344.5	209.111
345	209.093
345.5	209.075
346	209.058
346.5	209.041
347	209.023
347.5	209.006
348	208.988
348.5	208.97
349	208.952
349.5	208.934
350	208.915
350.5	208.897
351	208.878
351.5	208.859
352	208.841
352.5	208.823
353	208.805
353.5	208.786
354	208.769
354.5	208.752
355	208.735
355.5	208.717
356	208.7
356.5	208.682
357	208.664
357.5	208.646
358	208.627
358.5	208.608
359	208.59
359.5	208.571
360	208.552
360.5	208.535
361	208.516
361.5	208.498
362	208.48
362.5	208.463
363	208.446
363.5	208.429
364	208.411
364.5	208.394
365	208.376
365.5	208.358
366	208.339
366.5	208.321
367	208.302
367.5	208.284
368	208.265
368.5	208.247
369	208.229
369.5	208.211
370	208.192
370.5	208.174
371	208.157
371.5	208.14
372	208.123
372.5	208.106
373	208.088
373.5	208.07
374	208.052
374.5	208.034
375	208.015
375.5	207.997
376	207.978
376.5	207.959
377	207.941
377.5	207.923
378	207.905
378.5	207.886
379	207.868
379.5	207.851
380	207.834
380.5	207.817
381	207.799
381.5	207.782
382	207.764
382.5	207.746
383	207.728
383.5	207.71
384	207.691
384.5	207.672
385	207.654
385.5	207.635
386	207.617
386.5	207.599
387	207.581
387.5	207.562
388	207.544
388.5	207.527
389	207.51
389.5	207.493
390	207.475
390.5	207.458
391	207.44
391.5	207.422
392	207.404
392.5	207.385
393	207.367
393.5	207.348
394	207.33
394.5	207.311
395	207.292
395.5	207.274
396	207.256
396.5	207.238
397	207.22
397.5	207.202
398	207.185
398.5	207.168
399	207.151
399.5	207.133
400	207.115
400.5	207.097
401	207.079
401.5	207.061
402	207.042
402.5	207.024
403	207.005
403.5	206.987
404	206.968
404.5	206.95
405	206.932
405.5	206.913
406	206.895
406.5	206.877
407	206.86
407.5	206.843
408	206.825
408.5	206.808
409	206.79
409.5	206.772
410	206.754
410.5	206.736
411	206.717
411.5	206.699
412	206.68
412.5	206.662
413	206.643
413.5	206.624
414	206.606
414.5	206.588
415	206.57
415.5	206.551
416	206.533
416.5	206.516
417	206.499
417.5	206.482
418	206.464
418.5	206.446
419	206.428
419.5	206.41
420	206.392
420.5	206.374
421	206.355
421.5	206.337
422	206.318
422.5	206.299
423	206.28
423.5	206.262
424	206.244
424.5	206.226
425	206.207
425.5	206.189
426	206.171
426.5	206.154
427	206.137
427.5	206.119
428	206.102
428.5	206.084
429	206.066
429.5	206.048
430	206.029
430.5	206.011
431	205.992
431.5	205.974
432	205.955
432.5	205.936
433	205.917
433.5	205.899
434	205.881
434.5	205.862
435	205.844
435.5	205.825
436	205.808
436.5	205.791
437	205.774
437.5	205.756
438	205.738
438.5	205.72
439	205.702
439.5	205.684
440	205.666
440.5	205.647
441	205.629
441.5	205.61
442	205.592
442.5	205.573
443	205.554
443.5	205.536
444	205.517
444.5	205.499
445	205.48
445.5	205.462
446	205.444
446.5	205.427
447	205.409
447.5	205.392
448	205.374
448.5	205.356
449	205.338
449.5	205.32
450	205.302
450.5	205.283
451	205.265
451.5	205.246
452	205.228
452.5	205.209
453	205.19
453.5	205.171
454	205.153
454.5	205.135
455	205.116
455.5	205.097
456	205.079
456.5	205.061
457	205.044
457.5	205.027
458	205.009
458.5	204.991
459	204.973
459.5	204.955
460	204.937
460.5	204.919
461	204.9
461.5	204.882
462	204.863
462.5	204.845
463	204.826
463.5	204.807
464	204.788
464.5	204.77
465	204.751
465.5	204.733
466	204.714
466.5	204.695
467	204.677
467.5	204.66
468	204.643
468.5	204.625
469	204.607
469.5	204.59
470	204.572
470.5	204.553
471	204.535
471.5	204.517
472	204.498
472.5	204.48
473	204.461
473.5	204.442
474	204.423
474.5	204.405
475	204.386
475.5	204.367
476	204.349
476.5	204.33
477	204.311
477.5	204.293
478	204.275
478.5	204.258
479	204.24
479.5	204.223
480	204.205
480.5	204.187
481	204.169
481.5	204.151
482	204.133
482.5	204.114
483	204.096
483.5	204.077
484	204.058
484.5	204.04
485	204.021
485.5	204.002
486	203.983
486.5	203.965
487	203.946
487.5	203.927
488	203.908
488.5	203.89
489	203.872
489.5	203.854
490	203.837
490.5	203.819
491	203.802
491.5	203.784
492	203.766
492.5	203.748
493	203.729
493.5	203.711
494	203.693
494.5	203.674
495	203.655
495.5	203.637
496	203.618
496.5	203.599
497	203.58
497.5	203.561
498	203.543
498.5	203.524
499	203.505
499.5	203.487
500	203.468
500.5	203.45
501	203.433
501.5	203.415
502	203.397
502.5	203.38
503	203.362
503.5	203.344
504	203.326
504.5	203.307
505	203.289
505.5	203.271
506	203.252
506.5	203.233
507	203.215
507.5	203.196
508	203.177
508.5	203.158
509	203.139
509.5	203.121
510	203.102
510.5	203.083
511	203.064
511.5	203.046
512	203.027
512.5	203.01
513	202.993
513.5	202.975
514	202.957
514.5	202.939
515	202.921
515.5	202.903
516	202.885
516.5	202.867
517	202.848
517.5	202.83
518	202.811
518.5	202.793
519	202.774
519.5	202.755
520	202.736
520.5	202.717
521	202.699
521.5	202.68
522	202.661
522.5	202.643
523	202.624
523.5	202.605
524	202.587
524.5	202.569
525	202.552
525.5	202.534
526	202.516
526.5	202.499
527	202.481
527.5	202.463
528	202.444
528.5	202.426
529	202.408
529.5	202.389
530	202.371
530.5	202.352
531	202.333
531.5	202.315
532	202.296
532.5	202.277
533	202.258
533.5	202.239
534	202.221
534.5	202.202
535	202.183
535.5	202.164
536	202.145
536.5	202.128
537	202.111
537.5	202.093
538	202.075
538.5	202.058
539	202.04
539.5	202.022
540	202.004
540.5	201.985
541	201.967
541.5	201.949
542	201.93
542.5	201.911
543	201.893
543.5	201.874
544	201.855
544.5	201.837
545	201.818
545.5	201.799
546	201.78
546.5	201.762
547	201.743
547.5	201.724
548	201.705
548.5	201.686
549	201.669
549.5	201.651
550	201.634
550.5	201.616
551	201.598
551.5	201.581
552	201.563
552.5	201.545
553	201.526
553.5	201.508
554	201.49
554.5	201.471
555	201.453
555.5	201.434
556	201.415
556.5	201.397
557	201.378
557.5	201.359
558	201.34
558.5	201.322
559	201.303
559.5	201.284
560	201.266
560.5	201.247
561	201.228
561.5	201.21
562	201.192
562.5	201.175
563	201.157
563.5	201.139
564	201.122
564.5	201.104
565	201.086
565.5	201.068
566	201.05
566.5	201.031
567	201.013
567.5	200.994
568	200.976
568.5	200.957
569	200.939
569.5	200.92
570	200.901
570.5	200.882
571	200.864
571.5	200.845
572	200.826
572.5	200.808
573	200.789
573.5	200.77
574	200.751
574.5	200.733
575	200.715
575.5	200.698
576	200.68
576.5	200.663
577	200.645
577.5	200.627
578	200.609
578.5	200.591
579	200.573
579.5	200.555
580	200.537
580.5	200.518
581	200.5
581.5	200.481
582	200.463
582.5	200.444
583	200.425
583.5	200.407
584	200.388
584.5	200.369
585	200.351
585.5	200.332
586	200.313
586.5	200.295
587	200.276
587.5	200.257
588	200.239
588.5	200.221
589	200.204
589.5	200.186
590	200.169
590.5	200.151
591	200.133
591.5	200.115
592	200.097
592.5	200.079
593	200.061
593.5	200.043
594	200.025
594.5	200.006
595	199.988
595.5	199.969
596	199.951
596.5	199.932
597	199.913
597.5	199.895
598	199.876
598.5	199.857
599	199.839
599.5	199.82
600	199.801
600.5	199.783
601	199.764
601.5	199.745
602	199.728
602.5	199.71
603	199.693
603.5	199.675
604	199.658
604.5	199.64
605	199.622
605.5	199.604
606	199.586
606.5	199.568
607	199.55
607.5	199.532
608	199.514
608.5	199.495
609	199.477
609.5	199.458
610	199.44
610.5	199.421
611	199.403
611.5	199.384
612	199.365
612.5	199.347
613	199.328
613.5	199.31
614	199.291
614.5	199.272
615	199.253
615.5	199.235
616	199.217
616.5	199.2
617	199.183
617.5	199.165
618	199.147
618.5	199.13
619	199.112
619.5	199.094
620	199.076
620.5	199.058
621	199.04
621.5	199.022
622	199.004
622.5	198.986
623	198.967
623.5	198.949
624	198.931
624.5	198.912
625	198.894
625.5	198.875
626	198.856
626.5	198.838
627	198.819
627.5	198.801
628	198.782
628.5	198.764
629	198.745
629.5	198.726
630	198.708
630.5	198.69
631	198.673
631.5	198.656
632	198.638
632.5	198.621
633	198.603
633.5	198.586
634	198.568
634.5	198.55
635	198.532
635.5	198.514
636	198.496
636.5	198.478
637	198.46
637.5	198.441
638	198.423
638.5	198.405
639	198.386
639.5	198.368
640	198.349
640.5	198.331
641	198.312
641.5	198.294
642	198.275
642.5	198.257
643	198.238
643.5	198.22
644	198.201
644.5	198.182
645	198.165
645.5	198.148
646	198.13
646.5	198.113
647	198.096
647.5	198.078
648	198.06
648.5	198.043
649	198.025
649.5	198.007
650	197.989
650.5	197.971
651	197.953
651.5	197.935
652	197.917
652.5	197.899
653	197.881
653.5	197.862
654	197.844
654.5	197.826
655	197.807
655.5	197.789
656	197.77
656.5	197.752
657	197.734
657.5	197.715
658	197.697
658.5	197.678
659	197.659
659.5	197.641
660	197.623
660.5	197.606
661	197.589
661.5	197.572
662	197.554
662.5	197.537
663	197.519
663.5	197.502
664	197.484
664.5	197.466
665	197.449
665.5	197.431
666	197.413
666.5	197.395
667	197.377
667.5	197.359
668	197.341
668.5	197.322
669	197.304
669.5	197.286
670	197.268
670.5	197.249
671	197.231
671.5	197.212
672	197.194
672.5	197.176
673	197.157
673.5	197.139
674	197.121
674.5	197.102
675	197.083
675.5	197.066
676	197.049
676.5	197.032
677	197.015
677.5	196.998
678	196.98
678.5	196.963
679	196.945
679.5	196.928
680	196.91
680.5	196.892
681	196.875
681.5	196.857
682	196.839
682.5	196.821
683	196.803
683.5	196.785
684	196.767
684.5	196.749
685	196.73
685.5	196.712
686	196.694
686.5	196.676
687	196.657
687.5	196.639
688	196.621
688.5	196.603
689	196.584
689.5	196.566
690	196.548
690.5	196.529
691	196.511
691.5	196.494
692	196.477
692.5	196.46
693	196.443
693.5	196.426
694	196.408
694.5	196.391
695	196.374
695.5	196.356
696	196.339
696.5	196.321
697	196.303
697.5	196.286
698	196.268
698.5	196.25
699	196.232
699.5	196.214
700	196.196
700.5	196.178
701	196.16
701.5	196.142
702	196.123
702.5	196.105
703	196.087
703.5	196.069
704	196.051
704.5	196.033
705	196.014
705.5	195.996
706	195.978
706.5	195.96
707	195.941
707.5	195.924
708	195.908
708.5	195.891
709	195.874
709.5	195.856
710	195.839
710.5	195.822
711	195.805
711.5	195.787
712	195.77
712.5	195.752
713	195.735
713.5	195.717
714	195.7
714.5	195.682
715	195.664
715.5	195.646
716	195.628
716.5	195.61
717	195.592
717.5	195.574
718	195.556
718.5	195.538
719	195.52
719.5	195.502
720	195.484
720.5	195.466
721	195.448
721.5	195.43
722	195.412
722.5	195.393
723	195.375
723.5	195.357
724	195.34
724.5	195.323
725	195.307
725.5	195.29
726	195.273
726.5	195.256
727	195.238
727.5	195.221
728	195.204
728.5	195.187
729	195.169
729.5	195.152
730	195.134
730.5	195.117
731	195.099
731.5	195.082
732	195.064
732.5	195.046
733	195.028
733.5	195.01
734	194.993
734.5	194.975
735	194.957
735.5	194.939
736	194.921
736.5	194.903
737	194.885
737.5	194.867
738	194.849
738.5	194.831
739	194.813
739.5	194.795
740	194.777
740.5	194.759
741	194.742
741.5	194.726
742	194.709
742.5	194.692
743	194.675
743.5	194.658
744	194.641
744.5	194.624
745	194.607
745.5	194.589
746	194.572
746.5	194.555
747	194.537
747.5	194.52
748	194.503
748.5	194.485
749	194.467
749.5	194.45
750	194.432
750.5	194.414
751	194.396
751.5	194.379
752	194.361
752.5	194.343
753	194.325
753.5	194.307
754	194.289
754.5	194.271
755	194.253
755.5	194.235
756	194.217
756.5	194.199
757	194.181
757.5	194.162
758	194.145
758.5	194.129
759	194.112
759.5	194.095
760	194.078
760.5	194.061
761	194.044
761.5	194.027
762	194.01
762.5	193.993
763	193.976
763.5	193.958
764	193.941
764.5	193.924
765	193.906
765.5	193.889
766	193.871
766.5	193.853
767	193.836
767.5	193.818
768	193.8
768.5	193.783
769	193.765
769.5	193.747
770	193.729
770.5	193.711
771	193.693
771.5	193.675
772	193.657
772.5	193.639
773	193.621
773.5	193.603
774	193.585
774.5	193.567
775	193.549
775.5	193.531
776	193.514
776.5	193.498
777	193.481
777.5	193.464
778	193.447
778.5	193.43
779	193.413
779.5	193.396
780	193.379
780.5	193.361
781	193.344
781.5	193.327
782	193.31
782.5	193.292
783	193.275
783.5	193.257
784	193.24
784.5	193.222
785	193.204
785.5	193.187
786	193.169
786.5	193.151
787	193.133
787.5	193.115
788	193.097
788.5	193.079
789	193.061
789.5	193.044
790	193.026
790.5	193.008
791	192.99
791.5	192.972
792	192.953
792.5	192.935
793	192.917
793.5	192.899
794	192.883
794.5	192.866
795	192.849
795.5	192.832
796	192.815
796.5	192.798
797	192.781
797.5	192.764
798	192.747
798.5	192.73
799	192.713
799.5	192.696
800	192.678
800.5	192.661
801	192.644
801.5	192.626
802	192.609
802.5	192.591
803	192.573
803.5	192.556
804	192.538
804.5	192.52
805	192.502
805.5	192.485
806	192.467
806.5	192.449
807	192.431
807.5	192.413
808	192.395
808.5	192.377
809	192.359
809.5	192.341
810	192.323
810.5	192.305
811	192.287
811.5	192.269
812	192.251
812.5	192.234
813	192.218
813.5	192.201
814	192.184
814.5	192.167
815	192.15
815.5	192.133
816	192.116
816.5	192.099
817	192.082
817.5	192.065
818	192.047
818.5	192.03
819	192.013
819.5	191.995
820	191.978
820.5	191.961
821	191.943
821.5	191.925
822	191.908
822.5	191.89
823	191.872
823.5	191.855
824	191.837
824.5	191.819
825	191.801
825.5	191.783
826	191.765
826.5	191.747
827	191.73
827.5	191.712
828	191.694
828.5	191.676
829	191.658
829.5	191.64
830	191.622
830.5	191.604
831	191.586
831.5	191.569
832	191.552
832.5	191.536
833	191.519
833.5	191.502
834	191.485
834.5	191.468
835	191.451
835.5	191.434
836	191.417
836.5	191.4
837	191.383
837.5	191.365
838	191.348
838.5	191.331
839	191.313
839.5	191.296
840	191.278
840.5	191.261
841	191.243
841.5	191.226
842	191.208
842.5	191.19
843	191.173
843.5	191.155
844	191.137
844.5	191.119
845	191.101
845.5	191.083
846	191.065
846.5	191.048
847	191.03
847.5	191.012
848	190.994
848.5	190.976
849	190.958
849.5	190.94
850	190.922
850.5	190.904
851	190.888
851.5	190.871
852	190.854
852.5	190.837
853	190.821
853.5	190.804
854	190.787
854.5	190.77
855	190.753
855.5	190.736
856	190.718
856.5	190.701
857	190.684
857.5	190.667
858	190.65
858.5	190.632
859	190.615
859.5	190.597
860	190.58
860.5	190.562
861	190.545
861.5	190.527
862	190.51
862.5	190.492
863	190.474
863.5	190.456
864	190.439
864.5	190.421
865	190.403
865.5	190.385
866	190.367
866.5	190.349
867	190.332
867.5	190.314
868	190.296
868.5	190.278
869	190.26
869.5	190.242
870	190.224
870.5	190.207
871	190.19
871.5	190.173
872	190.157
872.5	190.14
873	190.123
873.5	190.106
874	190.089
874.5	190.072
875	190.055
875.5	190.038
876	190.021
876.5	190.004
877	189.987
877.5	189.97
878	189.952
878.5	189.935
879	189.918
879.5	189.9
880	189.883
880.5	189.866
881	189.848
881.5	189.83
882	189.813
882.5	189.795
883	189.778
883.5	189.76
884	189.742
884.5	189.724
885	189.706
885.5	189.689
886	189.671
886.5	189.653
887	189.635
887.5	189.618
888	189.6
888.5	189.582
889	189.564
889.5	189.546
890	189.528
890.5	189.51
891	189.494
891.5	189.477
892	189.46
892.5	189.444
893	189.427
893.5	189.41
894	189.393
894.5	189.376
895	189.359
895.5	189.342
896	189.325
896.5	189.308
897	189.291
897.5	189.274
898	189.257
898.5	189.24
899	189.222
899.5	189.205
900	189.188
900.5	189.17
901	189.153
901.5	189.135
902	189.118
902.5	189.1
903	189.083
903.5	189.065
904	189.048
904.5	189.03
905	189.012
905.5	188.994
906	188.977
906.5	188.959
907	188.941
907.5	188.924
908	188.906
908.5	188.888
909	188.87
909.5	188.852
910	188.834
910.5	188.816
911	188.799
911.5	188.782
912	188.765
912.5	188.748
913	188.732
913.5	188.715
914	188.698
914.5	188.681
915	188.665
915.5	188.648
916	188.631
916.5	188.614
917	188.597
917.5	188.58
918	188.563
918.5	188.546
919	188.529
919.5	188.511
920	188.494
920.5	188.477
921	188.46
921.5	188.442
922	188.425
922.5	188.408
923	188.39
923.5	188.373
924	188.355
924.5	188.338
925	188.32
925.5	188.302
926	188.285
926.5	188.267
927	188.249
927.5	188.232
928	188.214
928.5	188.196
929	188.179
929.5	188.161
930	188.143
930.5	188.125
931	188.108
931.5	188.09
932	188.072
932.5	188.054
933	188.038
933.5	188.021
934	188.004
934.5	187.988
935	187.971
935.5	187.954
936	187.938
936.5	187.921
937	187.904
937.5	187.887
938	187.87
938.5	187.853
939	187.836
939.5	187.819
940	187.802
940.5	187.785
941	187.768
941.5	187.751
942	187.734
942.5	187.717
943	187.699
943.5	187.682
944	187.665
944.5	187.647
945	187.63
945.5	187.612
946	187.595
946.5	187.577
947	187.56
947.5	187.542
948	187.525
948.5	187.507
949	187.489
949.5	187.472
950	187.454
950.5	187.437
951	187.419
951.5	187.401
952	187.384
952.5	187.366
953	187.348
953.5	187.33
954	187.312
954.5	187.295
955	187.279
955.5	187.262
956	187.246
956.5	187.229
957	187.213
957.5	187.196
958	187.179
958.5	187.163
959	187.146
959.5	187.129
960	187.112
960.5	187.095
961	187.078
961.5	187.061
962	187.044
962.5	187.027
963	187.01
963.5	186.993
964	186.976
964.5	186.959
965	186.942
965.5	186.924
966	186.907
966.5	186.89
967	186.872
967.5	186.855
968	186.838
968.5	186.82
969	186.803
969.5	186.785
970	186.768
970.5	186.75
971	186.733
971.5	186.715
972	186.698
972.5	186.68
973	186.662
973.5	186.645
974	186.627
974.5	186.609
975	186.592
975.5	186.574
976	186.556
976.5	186.539
977	186.522
977.5	186.506
978	186.489
978.5	186.473
979	186.456
979.5	186.44
980	186.423
980.5	186.406
981	186.39
981.5	186.373
982	186.356
982.5	186.339
983	186.323
983.5	186.306
984	186.289
984.5	186.272
985	186.255
985.5	186.238
986	186.221
986.5	186.204
987	186.187
987.5	186.17
988	186.152
988.5	186.135
989	186.118
989.5	186.101
990	186.083
990.5	186.066
991	186.049
991.5	186.031
992	186.014
992.5	185.996
993	185.979
993.5	185.961
994	185.944
994.5	185.926
995	185.909
995.5	185.891
996	185.874
996.5	185.856
997	185.839
997.5	185.821
998	185.803
998.5	185.786
999	185.768
999.5	185.751
